0 36
1 34
2 32
3 30
4 28
5 26
6 24
7 22
8 20
9 18
10 16
11 16
12 16
13 14
14 12
15 14
16 14
17 12
18 10
19 12
20 10
21 8
22 6
23 4
24 6
25 4
26 2
27 0
28 2
29 4
30 6
31 4
32 6
33 8
34 10
35 12
36 10
37 10
38 8
39 6
40 8
41 6
42 4
43 6
44 8
45 6
46 8
47 6
48 8
49 10
50 12
51 14
52 12
53 10
54 8
55 6
56 4
57 6
58 4
59 2
60 0
61 -2
62 -4
63 -6
64 -4
65 -6
66 -8
67 -10
68 -12
69 -14
70 -16
71 -18
72 -16
73 -14
74 -16
75 -14
76 -16
77 -14
78 -12
79 -10
80 -8
81 -6
82 -4
83 -6
84 -8
85 -6
86 -4
87 -6
88 -8
89 -8
90 -6
91 -8
92 -8
93 -10
94 -8
95 -6
96 -4
97 -2
98 0
99 2
100 4
